0.213624
-0.104329
-0.052459
0.126788
0.096285
0.069049
0.433722
-0.300967
0.085857
0.058149
-0.041167
-0.086511
-0.313175
-0.474836
0.266234
-0.304600
0.229291
0.189604
-0.133025
0.332168
0.211469
0.012318
-0.020242
0.497497
-0.113222
0.422826
0.051879
0.303151
0.416471
-0.447784
-0.356764
-0.374982
-0.329394
0.247981
-0.021523
0.361074
0.438568
0.236459
0.060444
0.059756
0.044437
-0.007777
0.273364
-0.238608
-0.486467
0.102229
0.096538
-0.296098
-0.101482
-0.276687
0.012752
-0.272660
-0.438135
0.358458
-0.003697
0.315056
-0.166885
-0.168989
0.236759
-0.031429
0.162657
0.338734
0.315033
-0.293111
-0.025200
-0.053080
0.481044
0.169780
0.048249
0.232129
0.417018
0.350033
0.259877
0.354968
-0.282523
0.463224
0.401437
-0.400270
0.198701
-0.242995
-0.216079
-0.381470
-0.400896
0.383444
-0.398567
0.199487
0.439385
0.076184
0.150954
0.351307
-0.210882
0.069619
0.437213
0.232305
-0.277131
0.339021
-0.419280
-0.344908
0.193888
0.386908
-0.239488
0.068740
0.169474
-0.204555
0.535613
-0.443483
0.029729
0.317771
0.393713
0.483819
-0.503507
0.237039
0.326642
0.193589
-0.410733
-0.023267
-0.330154
0.952080
0.677803
0.330727
-0.506027
-0.434001
0.907685
-0.780918
-0.322635
-0.045171
-0.189274
-0.666608
0.109071
0.369800
-0.920946
0.624084
-0.998825
-0.924616
-0.139647
0.499253
0.132051
-0.412727
0.354302
0.585445
0.517524
-0.579250
-0.368745
-0.400941
0.927932
-0.646822
-0.876791
0.552943
0.731663
0.746848
0.703250
-0.282401
-0.919501
0.447716
0.102655
-0.744227
0.658958
0.165886
0.318156
-0.866419
0.499842
0.094166
0.217136
0.678640
-0.464456
-0.444574
0.521256
0.153407
0.688515
