-0.003570
-0.007224
-0.006824
0.001336
0.010272
0.000615
0.011052
-0.009996
0.005333
-0.001009
0.002167
-0.009688
-0.003845
0.011924
-0.012461
-0.007612
-0.000987
-0.005205
0.006186
-0.011613
-0.001463
-0.012268
-0.004773
0.004798
-0.005851
-0.012372
0.009347
0.000595
0.009692
0.011168
-0.002846
0.004783
-0.011505
0.001427
-0.002380
-0.005028
0.002566
0.010086
-0.003299
-0.002082
0.007169
0.008464
0.004063
0.005944
0.011045
0.004245
-0.004959
0.009804
0.011231
-0.009932
0.008490
0.002515
0.011991
0.006221
-0.011407
-0.011067
0.009044
-0.010093
-0.007077
-0.012255
-0.007983
0.009531
-0.002876
0.006163
0.000000
0.000000
0.000000
0.000000
0.000000
0.000000
0.000000
0.000000
0.002960
-0.010579
-0.000171
0.006930
0.001002
-0.010765
0.009165
-0.004831
0.000548
0.009927
-0.000632
-0.010528
0.000597
-0.000457
0.006987
-0.004909
-0.004693
0.009658
-0.010589
0.009249
-0.007214
0.007081
-0.012138
0.004299
-0.004375
0.001002
-0.005892
0.000189
-0.010187
0.010648
-0.008122
-0.009034
