-0.002952
0.009037
0.012245
0.005790
-0.004593
0.003807
0.012497
0.002258
0.005425
0.008378
0.000891
-0.006737
0.011168
-0.006922
-0.003939
-0.003113
-0.009900
0.010251
-0.001542
0.011846
-0.010872
-0.003060
-0.008141
-0.009897
0.005381
-0.009052
0.007456
0.002873
-0.010597
-0.001153
0.010117
0.004488
0.011110
0.009451
0.011543
0.006129
-0.006634
0.005350
0.005944
0.006415
0.006279
0.010364
-0.008412
0.012331
0.011792
0.001179
-0.009002
0.008281
0.010791
-0.012098
-0.000308
0.009701
-0.004324
-0.005661
-0.008681
-0.008212
0.011012
0.001203
-0.010630
-0.007064
0.007400
0.004337
-0.002325
-0.002968
0.000000
0.000000
0.000000
0.000000
0.000000
0.000000
0.000000
0.000000
0.008976
0.001781
0.008128
-0.004849
0.003013
0.007313
0.003671
-0.008740
-0.000419
0.006173
-0.004425
-0.004849
0.011370
-0.003891
-0.000790
-0.010672
-0.004693
0.009658
-0.011979
0.000231
-0.007922
-0.001631
-0.004428
-0.009372
0.005369
0.004693
-0.007475
-0.007811
0.002726
0.009951
-0.002140
0.010191
